90 104 68
192 83 34
91 102 69
88 56 42
93 98 60
91 96 81
90 106 103
80 108 36
108 93 34
68 88 52
147 55 40
92 104 58
59 69 54
91 105 71
92 104 64
89 105 62
70 97 44
92 104 74
93 110 102
100 116 121
91 102 67
90 103 53
91 119 101
119 129 105
140 80 47
126 63 54
198 86 77
90 101 59
96 103 119
91 104 64
97 63 28
92 106 82
95 95 95
100 97 73
177 80 44
98 124 84
69 113 81
132 69 51
89 111 99
185 123 46
65 107 67
88 103 53
89 107 81
210 218 45
91 87 71
91 106 60
93 106 75
90 102 65
93 105 74
91 104 63
27 76 42
96 107 86
91 98 78
104 122 88
193 71 53
96 102 96
109 59 29
93 111 87
79 76 47
309 64 47
87 98 32
91 100 63
59 60 29
92 104 98
122 123 93
245 136 34
76 45 29
144 52 42
99 106 121
116 67 37
90 97 54
120 111 92
95 58 48
126 153 33
61 107 55
84 104 80
195 76 62
90 103 64
91 103 75
97 106 86
164 116 35
85 121 79
158 53 50
91 102 61
84 94 80
82 113 60
99 80 34
90 79 43
118 70 77
155 135 33
214 182 94
230 97 76
93 107 95
89 112 52
114 79 47
89 105 74
87 104 78
87 70 40
101 105 74
69 86 31
75 37 31
95 78 47
52 120 81
92 102 69
90 111 91
88 104 65
102 95 38
93 101 60
91 100 83
55 86 77
92 103 70
227 96 43
93 46 35
96 106 100
103 73 46
91 119 102
78 115 99
149 167 76
89 78 53
229 117 42
146 106 70
91 100 69
200 180 57
89 107 70
83 92 42
90 106 72
115 108 94
88 99 58
105 93 50
87 100 59
90 115 101
98 102 54
163 166 39
112 73 45
55 43 37
212 210 31
228 79 44
93 110 35
43 62 39
90 105 66
92 108 72
85 105 99
90 101 72
91 107 74
75 117 56
238 154 36
78 118 82
89 103 69
92 115 90
162 108 56
95 103 48
108 139 47
91 107 91
172 109 78
270 100 25
116 72 81
92 99 83
73 103 90
88 88 90
86 102 79
89 120 107
42 89 45
75 97 88
100 67 35
91 103 61
100 108 81
182 175 33
91 91 28
187 99 69
93 102 52
93 110 94
195 66 52
240 133 92
93 112 115
185 67 44
122 93 31
96 74 37
91 106 56
98 98 94
186 80 39
99 84 45
101 83 36
256 171 45
98 98 58
66 50 30
93 103 63
91 104 62
93 107 60
160 72 37
90 103 59
89 107 63
88 102 74
94 93 81
89 103 66
77 125 90
88 91 56
204 115 34
91 100 71
82 103 75
201 104 30
96 69 60
172 58 40
94 113 126
91 104 64
86 104 60
89 99 61
69 47 46
197 31 59
86 60 41
93 101 58
90 104 80
62 93 46
105 92 44
76 65 35
86 107 121
230 151 41
287 121 73
90 72 57
166 100 30
88 103 58
92 109 91
106 85 38
91 102 71
92 107 62
93 110 120
252 214 109
208 123 72
86 101 64
157 74 71
79 106 100
149 144 49
91 103 62
91 107 56
108 117 64
81 117 91
130 73 62
75 119 104
196 106 48
90 104 86
87 103 88
91 102 57
104 117 57
89 113 129
71 89 39
86 91 45
89 81 32
98 79 40
92 77 36
65 81 82
236 65 55
85 68 91
94 105 94
40 48 34
108 80 39
102 59 49
92 82 68
96 104 74
93 106 67
92 103 56
94 102 63
107 121 93
253 102 42
87 104 64
83 55 44
85 103 35
92 103 84
115 91 32
76 44 33
91 101 80
93 90 61
224 135 81
91 107 99
89 95 44
84 118 91
92 109 74
89 101 71
91 122 94
129 106 37
73 86 55
129 47 40
91 67 35
189 224 106
81 118 129
164 114 54
89 103 61
258 165 68
89 110 93
93 105 88
90 130 98
143 232 97
96 121 51
67 66 48
95 101 68
168 154 27
147 145 41
242 187 32
98 104 64
92 106 77
91 100 61
94 127 124
92 128 87
332 213 55
181 100 49
104 149 47
243 192 47
89 115 105
130 73 55
74 134 89
63 108 96
92 104 68
97 105 48
187 174 85
234 135 31
154 160 42
93 106 68
78 113 84
82 86 84
71 88 42
82 99 90
90 77 56
63 62 43
164 40 32
71 86 59
192 153 71
81 86 53
109 50 25
68 85 33
101 114 77
69 120 90
93 96 69
335 224 103
227 189 48
37 102 27
88 77 45
94 117 87
91 104 64
94 71 76
51 105 65
79 94 63
106 107 108
87 107 103
92 104 63
65 115 74
91 101 63
133 103 34
95 106 133
88 116 94
86 105 81
74 96 62
104 62 26
87 101 79
91 90 81
84 86 51
88 109 100
88 113 103
91 103 90
87 104 79
78 61 35
104 112 122
219 113 32
93 102 69
83 108 68
90 105 75
91 105 78
99 134 48
145 93 56
91 111 118
106 105 38
81 63 40
95 124 53
264 88 43
60 109 78
207 126 84
78 107 38
91 99 76
104 102 102
49 50 27
95 129 68
185 125 88
160 127 93
90 101 63
94 101 95
220 143 79
57 77 36
96 79 60
65 119 97
79 77 47
91 100 60
92 105 70
92 104 63
87 106 65
74 102 146
77 58 31
79 82 56
90 104 62
234 173 27
89 103 65
92 50 42
103 108 56
92 104 54
48 104 89
109 69 30
90 102 52
116 74 31
88 101 85
58 65 46
88 66 39
162 51 42
89 125 95
86 99 102
92 105 65
93 104 58
91 105 103
75 93 39
78 78 43
182 62 34
61 51 36
242 109 38
84 63 40
170 112 31
93 111 119
79 67 46
89 102 77
70 106 78
90 104 82
104 87 48
131 50 49
94 109 79
91 109 95
175 108 46
78 89 38
131 81 40
91 100 66
226 230 65
246 48 28
91 108 72
90 75 54
79 110 94
78 98 90
70 70 48
101 85 31
64 114 63
93 102 86
224 126 56
140 118 33
53 93 60
90 105 73
158 75 67
183 106 50
71 92 104
165 171 125
260 160 89
107 99 69
100 118 110
97 82 45
89 106 103
139 65 46
225 82 26
90 105 66
86 102 39
144 129 81
41 97 49
67 72 36
105 113 115
219 141 54
105 91 123
92 105 62
78 105 84
94 102 96
91 103 56
90 106 74
47 100 32
93 109 99
72 78 45
81 112 64
90 103 57
114 86 35
83 67 38
109 121 33
90 104 77
88 89 52
88 103 62
85 119 84
113 106 49
89 117 143
88 105 111
79 113 63
91 110 84
91 101 77
67 61 36
273 152 70
87 107 51
129 94 36
104 127 52
91 105 83
76 91 76
98 103 58
157 120 77
90 107 75
90 103 68
152 154 67
91 104 65
185 175 33
148 63 35
95 73 57
131 94 77
105 96 59
86 102 50
99 61 43
91 103 64
104 44 38
80 110 57
90 114 85
104 112 76
91 105 64
107 50 29
73 55 22
90 95 52
85 99 36
88 108 67
126 76 61
91 110 50
90 86 47
99 99 71
89 104 63
95 119 120
80 130 90
67 117 102
90 106 84
86 58 86
128 106 57
179 65 34
80 102 44
90 103 64
88 89 40
123 120 80
60 120 75
87 106 83
89 109 59
89 102 70
111 89 82
93 100 62
310 104 39
145 168 104
92 102 62
113 75 39
91 105 65
91 103 66
120 104 57
167 66 50
224 154 58
91 106 86
54 121 54
215 105 82
216 126 72
88 106 96
88 105 64
84 107 62
83 105 58
159 184 94
96 109 74
91 106 72
90 100 69
90 107 70
86 106 64
103 120 92
66 107 86
167 67 55
91 100 66
155 100 55
157 82 30
92 104 87
105 93 34
93 113 133
96 73 37
125 143 55
142 87 32
91 103 101
68 79 67
334 101 41
75 107 74
202 200 33
56 108 30
116 146 80
95 79 52
94 103 61
200 137 36
89 104 65
91 105 63
89 94 59
156 107 58
88 130 88
90 101 62
162 49 51
88 105 79
100 66 48
82 131 89
85 102 64
94 110 99
200 82 32
92 95 48
258 216 123
154 147 27
142 113 35
184 170 55
101 90 55
75 115 35
95 177 34
95 103 94
109 85 39
100 121 112
240 86 26
54 78 87
90 93 41
97 91 41
101 89 60
52 89 62
82 89 42
93 109 110
188 104 34
111 123 105
93 108 99
244 102 67
176 190 83
246 139 62
86 126 99
87 101 60
92 67 66
81 67 56
88 100 60
91 97 48
189 196 46
91 104 64
89 99 63
88 98 75
90 101 60
78 82 44
178 92 66
91 106 65
94 82 46
87 109 80
89 102 95
79 65 43
63 88 54
92 109 100
89 103 70
86 121 84
88 111 125
82 98 150
126 87 50
238 94 25
89 102 61
71 132 79
73 123 101
92 105 69
88 102 61
90 101 64
251 143 101
88 109 116
91 103 62
90 110 100
87 65 30
90 104 60
108 92 46
179 108 39
92 102 58
82 119 43
266 51 26
96 131 102
92 104 85
184 177 105
308 95 35
203 74 39
127 91 27
109 43 30
82 58 30
118 93 60
90 119 95
91 98 83
187 168 130
131 88 32
71 118 51
96 108 61
94 100 95
79 80 27
279 51 29
82 133 87
93 101 59
92 103 84
149 62 41
218 264 47
114 77 52
100 106 64
98 111 110
57 23 31
55 106 72
114 77 42
91 125 81
90 110 97
140 88 65
85 91 42
89 101 59
108 83 60
100 101 81
201 116 74
53 120 81
90 104 66
96 107 121
82 66 35
78 124 41
240 140 60
232 141 32
90 76 57
86 104 99
93 96 102
99 117 113
249 170 38
89 107 56
82 51 25
136 66 42
162 87 31
86 103 57
146 121 49
91 112 93
91 100 50
90 104 60
91 103 74
100 65 92
154 120 37
81 102 49
89 108 91
98 106 66
87 108 85
92 116 83
90 107 71
94 106 71
93 101 68
108 109 44
150 62 40
115 105 83
107 81 64
104 117 118
114 86 75
108 117 67
87 93 39
86 132 78
87 101 71
204 126 33
90 117 38
89 104 71
118 108 84
100 126 94
69 101 69
142 94 27
92 102 73
122 84 41
176 110 38
103 76 42
231 204 80
93 106 80
82 59 37
158 111 63
81 61 33
262 134 43
95 85 77
143 112 50
89 102 79
92 85 41
164 67 38
87 103 59
212 157 58
115 80 53
134 108 80
73 64 41
121 41 22
92 102 63
88 103 92
92 107 68
135 124 83
127 56 36
91 106 61
163 118 103
231 83 27
94 106 74
223 135 101
82 109 57
93 105 76
246 136 92
213 74 48
88 63 35
89 116 50
57 113 69
100 55 34
196 85 59
82 128 88
100 72 54
97 130 100
185 124 59
221 229 51
93 103 67
83 132 62
70 89 50
89 104 61
188 82 67
90 108 68
107 117 89
93 105 56
87 85 39
77 52 31
334 196 107
154 97 45
83 102 65
85 112 108
79 110 82
85 99 79
91 100 67
91 87 32
96 126 95
110 109 105
90 102 67
89 104 67
121 113 80
143 33 42
84 71 46
88 113 82
275 170 30
153 60 34
92 103 54
90 105 63
91 103 62
79 91 94
90 102 57
116 113 40
46 105 85
89 110 75
82 48 27
112 113 124
225 104 103
87 105 71
226 154 89
222 119 52
92 104 64
87 104 62
145 77 43
77 91 79
184 239 157
261 149 84
96 102 48
92 128 38
88 103 61
93 114 41
198 66 37
139 107 39
90 106 81
47 120 63
68 122 78
106 89 71
81 83 64
84 102 80
86 103 98
94 104 69
56 105 94
92 102 59
98 122 108
214 168 100
69 84 60
92 101 83
115 79 60
93 92 90
249 151 29
98 100 85
85 55 31
96 67 42
270 121 52
127 98 46
90 105 70
89 103 78
101 85 41
85 101 64
73 127 105
76 37 36
104 122 94
93 107 102
145 54 28
188 130 90
95 136 99
82 64 76
143 223 85
100 172 70
90 101 64
76 100 76
103 47 32
99 108 104
68 101 65
95 119 81
97 102 70
78 62 26
95 98 59
152 36 28
93 122 60
79 102 84
92 86 66
78 77 52
92 106 71
84 97 109
161 60 35
97 112 83
101 46 26
152 70 47
93 112 104
146 103 52
93 104 83
90 110 103
274 120 37
108 100 100
87 102 67
80 89 56
73 129 33
206 166 50
90 109 74
80 112 79
82 117 48
89 103 64
90 100 65
61 85 39
90 106 89
163 90 56
133 194 126
91 107 78
84 70 32
68 111 60
44 68 46
96 101 72
93 110 92
159 122 33
110 74 43
64 49 29
138 72 50
92 98 71
89 104 48
125 211 172
261 91 36
92 105 80
108 108 96
63 116 88
92 102 70
236 140 19
179 91 42
247 216 30
121 86 38
154 170 64
216 146 66
77 93 85
77 118 103
88 102 67
58 94 57
91 104 63
112 122 41
94 115 115
92 106 58
90 107 80
123 120 119
90 102 63
213 144 37
251 155 32
64 71 43
80 63 33
96 85 62
91 122 77
199 107 37
70 115 83
192 111 74
90 98 115
141 92 37
80 96 88
94 54 47
53 129 79
91 103 66
89 102 73
94 109 92
189 125 27
103 114 44
77 93 44
87 78 45
142 173 31
93 103 64
55 59 43
86 81 64
93 106 69
116 87 45
89 104 67
279 136 43
87 79 41
187 164 75
208 116 40
217 114 46
92 102 84
92 96 90
87 71 65
91 105 60
87 107 103
88 83 73
97 112 53
115 77 43
78 53 28
93 103 57
91 108 77
50 78 47
92 108 66
57 66 42
90 53 28
75 88 50
90 107 92
94 82 112
93 111 76
114 77 68
96 104 71
54 76 58
83 77 38
44 56 36
80 69 117
104 142 56
85 95 83
89 109 91
84 108 33
81 78 40
132 91 43
104 126 96
90 118 124
107 121 85
147 133 43
111 94 53
99 104 84
140 88 38
92 106 137
82 73 31
99 92 53
91 106 81
91 107 66
104 79 44
82 99 75
106 112 30
91 90 79
46 91 57
104 133 97
80 63 27
88 106 101
89 99 64
161 124 26
215 149 16
92 104 72
186 164 88
98 98 75
103 60 41
69 91 72
96 117 74
74 73 43
94 120 102
95 104 69
90 99 58
182 236 53
103 74 64
77 96 61
89 105 73
88 102 58
109 80 47
56 88 38
92 104 77
99 100 60
77 92 30
141 72 47
87 101 52
146 120 34
98 101 81
107 78 49
92 100 55
66 57 46
96 85 63
91 105 94
92 103 79
184 238 91
379 133 57
71 68 42
87 103 54
91 103 61
80 100 42
94 120 90
90 102 68
87 91 59
81 69 28
151 72 66
103 81 45
209 56 47
263 85 81
91 102 63
263 163 43
98 78 49
115 90 82
84 87 58
121 58 39
187 197 50
91 142 40
205 127 41
73 127 124
92 122 100
88 103 42
94 75 40
94 104 114
83 120 81
89 107 95
253 70 45
280 175 57
92 107 60
90 104 60
91 105 69
92 102 62
92 108 86
276 96 68
88 105 76
76 106 75
202 152 31
81 110 87
243 169 41
83 105 61
93 76 64
156 127 56
57 104 30
136 79 65
92 107 77
79 100 90
92 104 71
76 105 62
109 96 44
77 73 34
93 104 74
82 111 72
93 109 107
131 78 46
93 104 60
96 107 45
153 61 33
84 88 41
70 51 36
80 90 52
74 104 71
91 103 62
88 108 77
101 84 43
143 46 28
92 102 62
91 107 76
90 103 73
80 104 53
54 125 56
60 202 52
173 123 43
76 109 96
227 137 92
84 80 44
89 87 25
87 110 122
73 61 41
102 113 143
71 89 59
90 103 72
175 104 60
93 119 98
185 50 36
50 86 55
90 106 65
256 68 27
70 119 108
45 127 56
108 80 60
196 145 101
93 104 74
92 120 129
194 122 63
93 82 32
81 99 60
91 102 60
92 104 71
39 64 31
74 64 36
90 107 90
89 103 62
88 78 42
226 75 58
232 88 45
92 106 72
95 117 84
123 72 44
88 101 76
93 108 73
150 82 48
91 104 60
108 116 64
90 111 100
105 115 75
91 95 55
77 90 62
98 100 79
91 106 76
142 82 47
96 76 86
106 59 36
75 112 94
92 101 60
111 117 77
101 105 99
219 105 46
89 104 79
88 116 80
92 101 70
115 103 80
95 110 86
137 175 21
128 65 44
84 85 65
114 132 43
89 108 78
91 104 82
176 173 108
213 108 76
92 106 67
95 129 111
78 73 39
95 111 86
91 106 81
158 134 29
185 84 39
102 100 61
63 80 26
98 88 47
180 152 33
92 100 98
308 156 55
55 52 28
159 106 33
87 102 69
96 65 35
81 136 116
92 105 58
134 55 35
113 93 59
92 109 96
220 109 37
86 102 67
123 87 56
86 76 43
128 105 33
166 77 52
128 65 38
196 162 33
157 142 33
47 48 39
130 130 44
91 106 55
167 109 55
88 45 22
87 89 40
58 75 43
92 111 78
91 106 84
92 107 83
78 105 73
90 105 75
101 126 59
65 60 32
99 117 51
81 70 41
83 94 66
92 93 74
305 139 55
95 68 35
91 65 33
95 102 94
89 105 84
84 101 80
111 91 42
227 73 31
97 115 53
86 83 61
91 46 31
106 122 103
92 130 103
90 102 63
100 151 108
243 204 106
78 78 54
85 103 106
90 103 73
90 102 58
93 54 42
94 107 132
90 108 77
211 142 34
87 101 67
105 83 36
90 103 77
113 107 104
91 96 109
95 72 63
209 167 60
93 110 117
190 182 42
92 102 71
109 108 98
182 114 33
87 102 107
116 133 90
68 89 64
94 95 37
88 105 64
88 100 66
103 74 51
142 96 47
146 74 49
87 75 45
85 60 22
90 102 82
90 107 81
91 73 62
95 104 71
80 84 37
203 205 37
90 84 136
90 105 77
63 86 42
92 110 84
237 189 58
151 222 83
74 30 24
96 103 59
92 101 64
112 100 71
94 98 51
92 99 64
91 103 68
102 73 45
86 103 61
120 63 32
92 101 84
237 109 24
86 82 41
88 103 109
85 96 41
84 86 109
181 138 71
259 102 68
93 102 89
89 110 103
170 199 100
89 102 80
86 49 32
87 74 49
92 107 110
87 107 122
87 104 65
172 150 56
86 107 105
92 105 72
91 99 51
164 114 40
76 95 67
91 103 71
161 140 97
90 105 61
189 202 127
90 89 67
144 128 57
148 66 31
89 105 74
86 104 117
93 82 54
88 125 103
89 100 79
100 97 89
100 107 103
99 113 98
91 116 118
90 87 37
143 54 46
92 115 86
69 102 99
172 140 95
105 154 41
86 105 60
92 105 65
89 101 71
90 103 70
73 58 43
81 95 64
80 55 34
78 124 88
61 58 43
83 40 33
499 143 120
99 79 41
57 61 42
85 57 31
171 176 80
92 115 103
92 105 61
168 75 35
87 92 59
88 106 86
71 82 35
67 97 106
92 110 81
89 101 75
100 108 37
88 105 57
64 171 48
92 102 57
90 102 59
68 67 60
103 116 63
70 56 32
100 96 64
87 88 60
89 101 62
91 101 62
91 106 73
107 97 35
75 117 81
209 84 37
84 80 42
256 58 24
102 56 38
94 60 24
86 112 45
109 127 86
93 107 62
89 107 48
99 72 47
77 108 96
95 96 42
44 56 47
188 90 60
78 182 87
84 104 37
231 186 102
83 60 39
193 164 42
91 100 98
90 111 81
137 194 116
67 75 36
104 95 85
149 95 35
166 153 66
101 113 81
74 76 38
90 111 113
86 106 79
152 151 82
88 117 64
85 102 56
124 155 50
95 102 66
146 144 41
101 104 63
94 84 63
91 103 60
107 36 45
117 117 101
275 93 31
90 105 89
214 137 109
58 55 40
101 105 78
89 107 63
89 104 79
210 110 29
94 107 88
91 104 63
92 113 101
86 95 44
216 220 155
163 54 32
59 65 37
298 82 60
270 134 60
99 53 28
103 121 46
91 107 70
92 103 80
90 102 90
231 292 68
78 66 31
88 66 42
92 105 72
93 69 46
178 84 37
91 104 57
91 104 93
100 77 48
62 96 72
92 98 54
91 82 55
78 97 85
88 107 94
90 109 56
220 102 49
101 121 86
106 130 69
163 93 36
260 232 33
92 109 108
86 107 71
320 104 28
65 104 56
90 103 70
96 65 45
113 127 86
91 107 85
257 133 45
88 108 118
91 109 81
61 39 37
88 124 92
96 70 48
92 107 74
89 101 63
232 140 78
51 94 40
58 86 45
102 110 44
94 102 61
87 124 113
81 88 38
89 105 97
112 120 81
92 112 61
104 101 74
89 102 58
73 90 63
130 128 105
210 187 55
92 99 53
90 95 62
138 83 30
84 88 25
89 106 63
135 50 37
90 66 46
156 99 53
89 106 70
103 98 83
132 128 94
92 106 106
109 82 63
225 102 41
303 108 51
137 264 32
98 102 44
200 132 28
108 93 57
89 104 87
85 105 98
55 101 82
79 86 39
92 103 80
71 109 89
85 60 37
88 74 41
88 103 78
92 62 44
90 105 63
87 105 68
83 99 80
72 126 117
90 98 38
85 113 103
92 104 74
104 62 42
91 104 87
91 89 58
110 95 51
99 89 63
86 101 56
143 233 35
199 78 64
80 112 66
79 118 111
213 125 90
66 94 44
83 103 40
236 184 29
90 106 64
90 109 101
89 111 122
116 106 30
90 97 67
283 162 22
54 103 57
93 81 33
73 110 87
95 106 66
239 175 54
268 211 123
31 94 58
89 112 119
85 66 43
181 150 46
233 168 56
90 50 33
172 62 34
249 136 30
92 103 51
256 141 76
168 112 73
81 112 58
94 106 98
88 104 87
93 111 61
89 98 144
72 87 101
88 106 62
261 76 60
101 89 57
94 88 36
77 69 45
93 107 81
96 109 92
89 107 48
89 106 76
73 69 43
90 102 71
153 99 27
142 233 32
107 54 33
184 188 37
47 51 33
89 104 75
88 104 91
201 73 34
94 106 85
93 100 45
88 102 62
242 149 50
171 75 54
52 95 60
79 72 54
90 104 62
158 84 35
87 113 128
237 175 101
91 107 125
100 165 38
172 104 36
134 65 65
85 69 40
78 107 88
99 103 40
185 64 39
99 108 57
90 111 106
185 122 40
118 108 64
90 107 121
94 108 85
124 75 30
169 100 47
85 109 82
199 132 73
81 95 47
213 37 37
91 101 61
26 61 43
51 125 106
91 104 61
111 176 44
143 120 66
94 78 57
235 164 101
82 71 40
71 84 52
91 99 55
89 101 74
86 128 99
155 71 65
121 67 34
88 103 53
265 163 40
87 126 121
77 77 44
47 102 66
79 100 78
91 107 81
86 104 70
111 55 33
94 62 33
82 81 40
86 81 40
198 110 40
278 157 28
90 90 93
123 106 90
257 116 32
72 111 79
93 108 103
107 122 109
85 66 39
88 101 53
88 104 74
81 83 63
150 145 39
257 209 71
94 103 54
131 209 31
128 191 60
90 74 35
98 111 99
57 117 108
111 86 52
105 109 68
97 97 28
92 122 118
92 106 66
78 110 96
79 98 69
175 70 67
201 126 37
90 103 58
90 100 65
85 99 54
85 121 90
118 66 48
143 79 39
89 109 75
209 197 112
99 92 44
101 124 74
175 120 64
91 106 74
91 102 69
111 189 25
56 94 46
50 92 61
94 103 59
78 79 75
70 70 49
92 104 61
90 104 71
89 99 60
67 90 46
90 106 68
99 110 102
87 109 98
90 114 150
113 108 32
102 86 32
91 104 69
90 105 67
87 99 53
90 102 67
97 66 58
168 193 58
98 112 125
111 104 48
97 97 123
92 106 72
94 107 76
90 109 84
91 101 83
91 108 94
109 103 39
98 117 67
191 223 65
115 96 55
81 58 39
67 75 61
213 172 34
116 147 41
62 121 86
84 86 68
185 128 33
90 105 69
90 106 98
89 109 94
91 106 78
92 108 62
91 106 84
86 103 58
82 124 117
85 103 98
91 106 131
67 41 52
94 51 33
41 70 32
88 98 67
95 114 98
253 85 36
88 73 53
88 107 64
92 103 63
99 96 81
62 68 32
104 97 54
89 104 69
90 108 73
91 105 64
124 70 60
84 109 81
86 92 54
131 131 42
224 63 70
256 43 44
101 114 114
93 104 102
125 86 33
92 104 93
75 127 92
88 106 67
97 118 135
89 107 68
90 101 58
70 111 59
62 63 41
81 160 34
90 102 64
88 101 58
85 107 91
86 116 91
91 101 65
103 113 91
185 102 84
81 96 55
89 101 99
95 97 56
89 107 71
90 99 73
141 56 37
193 119 41
84 68 116
143 91 47
93 103 68
92 116 138
85 99 40
114 69 60
87 86 36
71 102 122
90 104 69
235 142 41
194 80 28
178 113 32
97 103 91
82 115 100
185 149 46
91 102 64
93 109 97
220 101 44
101 84 37
91 119 73
162 161 53
88 112 81
92 77 41
92 101 59
91 105 72
156 57 42
91 113 117
89 104 71
90 160 128
83 71 33
87 69 63
90 104 93
89 105 96
57 122 93
131 178 150
86 82 59
91 105 57
77 78 62
91 103 95
58 166 49
141 97 58
91 108 77
93 105 64
96 55 40
260 194 109
107 66 50
176 75 47
84 58 32
96 116 129
105 181 72
77 65 51
167 107 37
90 103 81
90 94 30
99 123 111
125 99 49
64 81 76
85 85 32
88 104 102
109 90 43
186 102 36
127 56 28
91 105 80
90 106 76
129 73 35
34 72 40
73 112 112
93 103 63
83 104 89
96 63 31
205 143 36
90 107 81
88 103 71
91 100 59
198 78 66
92 101 64
84 79 43
69 110 59
93 106 72
90 103 63
88 101 58
91 119 29
109 108 87
98 106 92
122 99 35
64 80 43
96 118 88
93 105 81
85 79 61
97 127 91
71 82 58
95 100 65
200 48 28
43 114 38
250 101 38
158 216 26
131 57 24
273 121 39
134 69 28
92 103 62
91 104 78
155 112 60
88 103 71
58 173 50
87 117 93
114 98 79
87 125 105
72 96 65
103 122 87
46 55 25
93 122 60
68 67 39
96 106 66
100 89 63
91 101 44
93 101 64
71 80 34
99 51 44
192 174 57
73 61 31
93 109 95
91 94 64
90 101 70
92 105 84
91 104 79
92 102 63
159 207 43
96 110 63
190 76 32
92 99 77
73 66 30
162 53 39
87 120 78
123 87 41
97 68 64
91 107 90
210 124 31
91 104 74
90 102 52
230 214 46
337 138 51
92 99 79
90 99 67
61 102 92
89 124 85
66 104 62
89 104 93
93 110 55
91 107 78
82 102 56
234 135 38
136 197 32
282 135 36
42 45 29
81 73 41
63 80 52
193 120 59
91 119 99
173 184 101
81 66 35
88 109 97
211 191 84
92 112 91
96 111 108
90 100 61
251 196 37
104 163 51
90 104 63
86 108 103
129 111 42
82 109 89
92 106 61
91 95 66
87 67 34
69 55 30
92 100 65
66 84 60
92 102 64
89 108 117
239 143 91
56 92 38
105 113 99
61 73 35
105 100 77
93 107 87
93 100 86
137 89 42
164 88 32
92 84 60
175 131 42
91 104 59
92 104 83
58 118 92
146 145 33
91 103 91
104 99 27
78 111 54
70 85 36
90 97 64
112 113 131
73 48 33
74 99 90
215 166 46
89 63 35
89 102 62
90 107 67
89 104 64
89 111 125
107 95 117
186 139 106
172 84 51
91 101 54
92 105 62
102 115 82
55 109 56
72 77 31
95 105 101
89 106 100
91 104 74
176 136 33
92 115 112
167 140 68
91 105 89
265 154 110
90 108 60
112 124 70
72 100 87
95 80 28
151 129 70
74 100 27
96 101 63
85 88 64
121 103 77
91 103 89
85 99 89
71 98 94
92 131 39
103 140 56
84 140 101
94 102 56
89 102 76
92 105 109
88 132 63
88 103 61
64 119 103
111 104 122
96 97 101
103 118 95
89 108 98
92 107 77
97 99 49
70 79 47
91 101 64
183 166 49
95 105 136
92 104 63
93 104 62
240 126 90
91 106 114
92 106 129
85 102 77
105 114 101
90 113 106
89 78 45
162 268 24
81 85 49
87 106 113
93 101 62
252 161 148
162 54 44
90 107 73
93 106 64
90 113 127
97 95 38
94 94 63
82 118 82
50 62 36
95 53 41
84 59 39
221 105 69
92 105 85
89 116 88
78 107 89
149 85 36
90 108 88
90 102 63
90 106 73
89 105 62
71 80 57
168 156 218
72 115 100
92 102 78
93 41 26
83 118 124
95 78 61
77 118 105
243 55 52
71 127 43
106 95 80
91 105 63
90 105 77
199 191 38
56 103 62
120 75 30
91 106 64
86 41 35
122 59 45
104 126 86
50 134 104
109 126 27
196 319 66
191 83 54
294 34 56
201 71 34
90 102 75
74 80 42
98 72 53
102 78 38
90 100 62
131 43 42
94 44 34
90 105 57
122 167 46
90 101 58
65 56 45
88 104 57
79 89 37
109 64 38
70 81 41
121 46 53
86 106 67
88 53 35
88 117 98
170 92 39
76 115 62
95 111 98
88 106 63
90 97 73
92 106 77
92 103 69
94 58 44
198 79 32
123 82 31
94 86 35
194 129 35
143 141 54
83 122 77
159 209 98
72 98 31
208 239 31
130 186 43
92 91 99
93 82 37
105 105 64
127 73 43
92 121 115
92 104 97
90 106 64
93 109 134
77 82 53
102 76 40
90 102 59
83 68 62
171 222 27
88 109 35
69 39 31
98 109 45
179 197 34
26 56 38
88 109 111
89 91 35
142 71 52
73 116 106
90 103 100
165 137 34
93 108 110
274 100 42
76 39 33
170 180 43
107 104 70
389 215 36
87 106 75
94 122 100
126 82 96
92 103 77
91 100 64
116 101 86
88 103 56
90 103 68
88 116 111
96 115 40
90 106 90
89 101 75
71 111 89
79 88 63
109 142 24
150 160 43
85 94 58
94 106 56
75 132 90
94 99 64
92 133 108
91 104 68
97 101 82
91 101 75
136 103 31
214 182 49
169 96 32
258 221 83
174 147 38
141 123 57
87 102 66
125 52 30
89 102 62
53 93 59
94 119 56
91 102 61
164 151 58
70 79 44
70 87 34
45 74 62
95 109 67
210 77 32
54 104 30
102 44 50
92 103 66
112 59 47
161 71 42
96 105 53
155 104 38
76 110 102
137 60 46
42 84 58
88 113 162
91 107 78
89 108 71
90 103 83
94 121 106
95 101 64
75 77 47
77 94 167
99 120 94
93 104 62
69 79 52
97 96 114
117 127 98
103 136 36
90 99 78
61 116 131
89 105 72
88 81 44
129 106 97
90 104 65
137 106 146
150 39 35
94 109 98
79 42 31
105 83 35
90 88 75
67 76 68
92 105 74
113 96 73
169 200 48
244 84 35
94 104 74
224 205 50
113 115 66
85 118 79
90 107 101
88 54 30
91 105 64
131 74 37
89 90 44
80 83 44
89 103 66
85 98 45
75 73 28
87 77 51
79 112 97
83 81 57
95 116 64
103 71 60
127 86 75
177 95 35
85 101 142
179 65 71
92 104 72
87 126 94
70 80 43
183 100 71
91 108 83
304 129 33
184 158 30
62 109 113
41 123 52
82 120 100
95 117 108
99 137 78
108 54 43
98 110 68
94 104 29
85 116 99
84 101 80
88 104 61
98 86 57
100 95 74
130 83 51
115 124 107
96 103 52
270 121 57
240 108 40
92 98 37
81 105 73
89 101 77
192 84 39
126 59 51
82 129 77
89 77 74
98 59 44
94 97 40
84 131 65
95 118 74
89 95 76
61 54 30
118 57 48
254 161 95
89 103 67
93 107 74
96 119 86
89 109 85
85 59 38
82 43 36
52 141 60
94 83 51
69 71 60
90 104 61
89 109 93
91 109 93
155 87 31
86 82 61
108 83 30
89 106 85
291 66 29
106 112 92
141 70 39
90 105 79
236 173 95
143 146 28
88 103 173
99 71 45
134 47 31
81 43 43
93 101 61
144 143 46
85 93 55
127 70 44
75 104 86
100 106 93
74 106 60
88 105 59
94 101 60
74 98 33
179 121 58
84 119 98
100 112 111
95 125 67
175 99 41
92 105 91
99 104 111
95 102 124
94 104 104
92 106 75
279 100 51
91 127 106
92 104 65
139 89 52
202 178 103
112 78 37
86 102 91
56 70 44
275 166 105
119 90 56
172 57 42
92 102 71
98 91 60
67 78 55
92 105 63
167 115 31
90 103 87
84 95 60
99 112 42
249 159 53
89 90 54
93 105 69
77 130 84
80 69 32
92 108 77
91 84 34
87 113 65
89 106 85
58 92 48
76 122 109
92 109 69
80 43 26
274 52 56
87 106 93
270 233 34
87 95 65
93 107 71
132 104 32
238 94 38
94 116 83
205 141 30
196 152 27
91 143 36
93 152 43
88 101 62
89 103 57
260 112 64
61 124 71
84 52 36
129 100 60
143 179 31
91 103 60
87 56 44
65 86 46
179 64 44
158 161 90
88 82 52
115 111 135
93 105 59
91 104 63
91 105 78
93 105 79
97 90 41
101 79 53
103 103 97
91 109 81
98 108 98
92 103 64
73 111 87
133 217 35
91 107 80
89 96 66
90 105 91
45 115 92
76 74 31
70 68 51
91 105 103
92 107 98
108 118 99
132 94 46
92 101 64
41 93 55
99 96 56
91 102 63
232 221 37
64 112 81
112 72 35
176 181 24
83 75 69
36 53 37
54 93 61
81 119 84
114 109 130
88 106 65
93 107 106
95 104 139
186 93 35
99 63 19
83 81 36
79 67 36
88 101 65
91 101 67
160 81 70
72 93 106
97 121 64
87 104 102
69 112 133
90 100 77
177 82 40
108 54 43
93 68 50
66 110 109
103 112 116
191 85 26
87 113 77
94 102 58
91 106 86
293 168 68
104 93 41
115 66 57
91 105 73
86 85 60
90 103 59
140 263 43
90 110 110
100 126 36
155 113 49
46 50 39
87 81 52
96 102 78
80 91 38
91 103 68
92 101 58
87 104 63
67 89 34
87 108 63
91 109 106
95 101 53
84 112 87
259 81 61
57 74 30
90 82 31
38 81 61
93 101 45
53 51 43
67 94 69
137 100 29
129 91 64
108 110 41
100 79 45
90 100 63
48 135 49
102 80 61
90 102 57
65 113 90
85 90 79
93 104 105
101 51 31
154 178 33
83 114 91
84 51 38
90 112 107
89 106 97
93 107 72
86 42 76
103 64 38
81 101 100
164 97 31
91 107 65
91 104 81
114 100 43
134 109 63
96 51 22
102 61 34
124 65 52
91 100 65
109 142 38
72 76 29
163 89 27
54 46 40
93 103 68
189 165 42
113 165 139
91 102 74
79 57 35
92 86 30
188 111 51
146 85 29
89 108 96
98 80 44
227 172 28
76 79 36
119 112 98
119 179 144
93 114 39
88 104 77
181 173 37
87 100 71
94 78 96
89 104 79
87 67 41
96 114 161
71 96 78
84 73 38
112 191 106
122 114 35
217 141 27
89 127 89
84 127 98
161 269 39
97 103 63
129 104 61
101 116 56
178 55 42
78 81 45
90 101 65
90 105 82
157 95 41
88 86 76
90 119 65
70 61 41
50 66 49
170 256 78
92 80 52
235 198 41
90 106 76
90 103 73
92 101 62
104 99 30
110 80 56
178 131 42
87 108 92
84 111 73
98 126 81
90 103 122
47 101 52
148 179 109
83 59 31
96 117 108
80 102 45
123 63 41
96 129 100
127 80 59
64 121 87
80 93 63
92 101 97
54 119 100
85 101 69
87 65 53
169 52 26
98 98 45
103 79 44
256 174 33
86 122 114
87 86 27
92 103 68
88 97 69
90 104 69
93 102 66
93 116 119
134 72 49
90 100 70
90 99 70
139 50 53
136 66 44
93 112 126
186 66 40
129 93 48
97 89 94
195 101 39
96 87 35
93 113 76
215 94 29
239 107 29
92 105 76
109 130 106
92 104 64
91 104 78
110 136 88
150 94 55
229 81 37
221 109 28
85 113 112
88 103 63
83 102 88
159 212 119
120 93 32
90 103 61
93 106 63
73 101 77
93 105 66
90 114 120
91 100 59
87 95 75
248 183 70
55 71 33
91 115 134
96 88 52
92 102 65
89 93 83
107 63 40
66 108 123
72 89 41
90 92 41
84 97 36
88 102 77
70 62 44
91 106 57
91 104 67
95 60 36
91 104 55
90 115 86
91 65 54
95 124 106
181 120 53
237 66 40
74 107 78
94 100 72
90 107 135
68 56 39
283 192 92
92 113 35
220 98 24
93 106 87
326 193 30
283 103 63
237 108 39
87 107 72
89 104 55
74 85 55
78 89 42
82 99 78
90 107 83
124 65 45
89 84 42
87 104 87
250 306 110
253 131 66
230 154 103
91 113 84
93 108 91
69 85 41
63 133 97
75 66 40
74 112 104
88 101 63
90 138 92
105 109 75
93 100 73
99 61 34
59 131 35
94 110 74
62 85 70
57 57 44
145 45 38
82 75 68
91 99 56
90 103 62
94 105 64
91 101 72
88 101 68
106 108 95
91 108 90
229 114 28
143 191 63
71 108 75
93 114 108
90 101 85
91 103 64
239 63 57
61 96 77
122 125 80
92 107 75
180 96 66
200 139 75
92 106 75
59 88 62
92 105 86
298 229 32
90 104 71
89 104 63
91 104 62
91 111 139
81 117 122
247 96 30
106 112 60
88 109 78
79 109 84
183 138 48
90 106 72
90 105 74
86 86 45
89 100 69
174 109 59
62 60 39
87 102 63
90 100 59
90 102 64
90 108 80
259 65 34
86 83 123
135 219 33
89 105 67
214 97 54
108 102 56
88 108 79
87 108 88
76 124 77
74 105 65
93 106 87
170 98 29
88 105 64
103 126 88
124 128 45
91 121 102
89 113 85
96 74 40
77 114 105
88 102 63
84 98 77
95 109 69
171 193 31
168 76 49
148 94 52
80 77 59
93 102 72
101 93 60
96 73 33
108 101 112
111 105 131
95 91 47
105 107 63
100 83 78
90 104 68
94 101 96
106 108 94
88 98 63
193 180 75
343 148 106
89 109 84
91 105 77
256 239 155
254 97 45
79 92 62
86 76 42
67 98 42
65 74 53
91 104 67
88 104 65
83 93 54
88 105 61
91 65 37
172 111 47
47 64 43
92 101 68
52 85 63
91 111 105
102 66 37
90 103 70
89 103 61
89 104 67
90 97 136
85 110 97
229 120 54
82 129 113
237 118 27
144 119 65
93 100 56
90 42 30
98 102 54
89 108 83
92 103 81
99 90 33
90 108 75
90 99 43
82 86 104
89 110 84
85 95 56
85 111 90
92 80 51
92 98 60
107 119 69
93 103 71
92 104 90
86 106 59
93 108 102
87 100 55
102 108 91
238 164 28
112 125 30
71 116 71
74 111 96
91 100 94
84 125 108
112 123 92
95 103 69
82 65 44
98 93 76
89 117 84
131 94 51
54 43 39
67 98 69
149 78 51
99 89 47
165 108 33
51 63 49
91 109 95
91 102 64
73 102 58
101 92 44
98 66 37
67 81 44
184 132 93
101 103 92
254 196 63
90 103 68
80 89 50
92 109 109
90 66 104
76 107 107
90 104 64
93 103 81
89 99 81
172 201 29
86 114 58
91 100 61
91 104 75
164 173 28
90 104 74
91 72 36
92 81 33
117 77 31
92 105 62
73 114 81
48 99 60
103 81 50
160 140 45
72 103 81
92 112 76
63 75 31
113 101 60
160 248 35
94 103 53
90 97 58
97 61 45
241 155 50
64 122 121
85 84 61
217 170 41
151 58 31
76 84 55
92 105 54
213 147 58
93 105 73
82 59 25
95 114 114
97 137 124
177 237 152
96 102 69
89 101 62
79 105 44
100 105 55
248 131 32
95 106 58
85 102 84
90 108 87
91 104 69
100 98 64
64 48 28
66 91 74
84 100 92
177 162 93
154 96 57
92 108 60
99 100 113
192 204 36
90 105 64
127 256 34
235 135 52
73 104 79
90 101 68
76 75 42
82 86 42
66 106 116
99 88 59
94 106 66
87 119 85
79 104 90
103 111 98
93 105 64
106 84 54
95 94 61
128 186 27
77 114 102
83 82 49
89 117 48
298 268 164
43 61 41
237 202 101
100 71 39
89 66 46
91 105 81
90 102 69
224 79 47
165 142 38
197 134 43
90 101 55
80 43 35
142 107 41
93 103 64
71 100 64
91 94 54
113 117 97
98 109 140
90 107 77
94 105 69
90 108 70
92 104 64
85 62 41
68 106 63
162 108 38
92 101 55
113 136 125
114 96 52
104 134 70
194 96 41
81 112 82
110 124 71
92 114 79
150 147 31
107 87 45
87 130 135
112 134 89
32 50 33
91 108 58
87 94 64
121 116 96
65 73 53
113 97 74
105 111 117
90 104 61
91 106 64
84 116 106
91 108 103
85 92 55
314 192 109
92 103 58
63 58 38
83 103 58
171 105 37
243 202 132
93 114 43
91 108 100
88 107 68
77 41 32
92 105 61
90 106 72
258 98 28
91 44 31
82 125 85
90 106 57
92 105 81
87 97 40
81 108 115
50 54 40
68 130 89
88 87 53
90 111 102
296 175 78
85 125 48
232 128 40
75 106 76
92 104 90
95 102 83
105 98 38
91 100 78
95 103 65
103 99 81
113 106 53
91 99 69
204 130 20
111 102 73
135 63 32
65 76 58
94 110 104
190 106 33
93 105 75
91 109 127
91 103 62
68 97 64
180 79 36
94 106 96
223 143 30
157 129 39
91 105 70
92 101 78
116 94 43
86 99 55
92 102 57
94 106 71
92 113 83
95 102 85
100 100 42
82 119 89
89 112 94
85 65 48
282 116 43
89 101 57
74 73 38
93 109 82
84 121 76
277 113 34
101 115 100
115 78 62
90 104 62
110 98 60
112 140 59
75 95 90
90 111 71
97 85 51
97 100 95
172 118 129
90 104 68
88 99 80
75 111 91
89 56 41
217 131 108
97 107 70
154 166 46
208 105 46
92 98 63
87 105 63
92 108 87
91 100 66
83 106 70
114 145 33
96 102 99
87 120 87
77 106 114
171 72 48
91 134 90
90 102 67
90 108 82
89 106 104
74 90 44
86 123 91
63 80 66
92 104 72
92 104 62
208 71 35
206 199 132
87 138 53
109 64 31
92 109 104
90 80 57
89 102 79
93 105 57
84 99 61
116 162 27
162 98 42
88 74 49
101 117 94
118 110 82
111 124 51
90 104 73
83 97 56
65 68 59
100 105 124
85 100 52
92 103 67
137 128 46
93 99 78
106 90 34
87 124 88
59 118 77
91 101 56
92 72 55
92 104 68
91 62 24
60 88 90
96 82 59
173 109 41
80 88 90
89 76 45
74 110 70
90 102 65
94 105 84
278 133 61
81 94 100
83 53 41
137 117 27
94 72 58
91 111 125
90 104 78
94 94 57
132 65 40
98 68 36
93 104 69
82 124 61
95 71 55
94 107 81
90 106 68
91 106 68
88 98 59
50 54 41
341 99 36
92 108 71
88 105 64
76 70 43
106 105 62
83 123 107
78 75 52
174 90 78
92 105 56
253 131 57
86 115 95
286 103 46
113 100 70
76 88 43
93 81 60
74 37 37
86 103 91
55 130 85
35 87 36
75 114 106
93 74 43
90 102 88
85 113 92
120 43 37
92 101 56
176 108 71
220 108 54
40 56 62
85 116 83
87 104 55
92 97 57
236 216 74
89 107 104
88 118 59
102 121 39
66 100 55
88 104 61
160 220 93
200 179 63
88 100 55
150 99 22
86 110 61
172 106 52
91 101 64
114 59 39
137 101 64
45 98 66
150 67 27
81 93 32
89 103 56
91 107 78
122 61 60
92 112 124
85 84 82
99 91 50
172 47 43
93 111 108
199 56 37
61 129 59
89 102 65
92 105 74
88 102 67
293 135 71
197 87 35
90 79 55
103 76 49
139 79 41
92 79 27
76 121 75
176 148 100
280 52 33
92 104 93
93 94 43
99 114 40
143 50 37
92 110 85
91 102 74
89 114 64
235 147 50
263 72 69
91 104 85
93 102 63
53 101 93
85 79 44
104 136 68
93 98 85
97 94 43
208 152 54
88 104 96
133 100 57
187 236 43
91 101 63
88 106 64
324 142 26
167 183 125
90 106 80
246 62 31
90 113 116
98 55 46
65 101 65
166 114 69
88 102 76
101 75 87
91 104 60
85 109 83
131 155 29
88 111 86
90 92 36
150 99 41
66 127 34
150 143 66
93 102 62
90 104 72
185 179 37
85 104 77
91 109 103
167 128 107
105 118 83
98 118 87
77 91 45
107 106 100
84 116 95
91 105 73
201 95 61
93 105 76
73 89 52
261 158 37
81 84 52
96 108 70
90 105 63
138 195 38
106 108 99
93 104 81
91 112 108
94 105 66
77 79 52
116 76 34
95 117 95
79 136 62
175 135 77
83 99 58
90 105 62
111 100 91
92 102 82
89 105 69
68 65 38
69 88 79
72 81 40
93 107 99
86 107 97
89 87 43
91 105 66
86 112 97
91 104 96
131 78 58
100 104 105
86 85 44
91 104 61
68 103 63
100 121 108
91 106 87
100 106 119
100 116 95
98 103 55
93 106 80
105 135 34
168 61 37
91 99 63
80 111 72
84 117 95
171 74 47
93 123 95
88 100 60
90 104 82
93 105 73
132 62 40
66 95 64
86 103 72
101 134 116
89 113 124
262 118 57
96 106 58
98 94 49
185 131 44
80 97 50
90 101 42
89 107 101
93 105 77
68 100 84
68 93 64
90 107 66
110 105 72
91 101 75
270 73 35
60 76 48
141 81 33
253 62 55
91 99 67
94 107 85
105 102 65
91 108 83
93 99 72
91 98 39
91 102 69
110 80 47
92 107 64
52 78 53
79 106 68
73 102 115
96 109 113
92 102 81
89 107 76
88 110 81
91 109 67
261 118 33
84 105 97
150 145 48
90 105 67
79 124 94
280 160 65
91 103 71
94 95 76
90 102 63
96 97 103
100 125 58
72 114 105
94 95 49
84 62 27
91 104 70
90 104 66
93 95 45
91 108 68
93 104 63
84 50 38
112 164 39
90 97 26
92 64 53
84 93 74
91 110 138
92 108 62
91 101 64
81 126 83
197 117 73
126 39 54
87 78 42
94 122 89
69 130 94
285 101 32
104 127 115
92 106 71
91 122 122
78 70 38
86 130 100
104 191 64
114 71 95
76 75 39
92 107 69
95 101 56
88 103 70
79 107 66
57 94 51
144 129 48
90 106 58
252 170 52
264 127 79
105 68 50
119 92 45
92 104 76
90 102 89
168 138 49
93 103 63
90 108 59
77 111 102
89 105 61
103 103 46
105 84 49
87 69 39
88 105 67
87 124 124
139 61 49
92 112 94
90 105 77
52 118 82
132 107 94
78 120 77
127 125 90
91 99 76
